   -2.0000000000e+02
   -1.9757643595e+02
   -1.9513630742e+02
   -1.9268021145e+02
   -1.9020876096e+02
   -1.8772258448e+02
   -1.8522232577e+02
   -1.8270864344e+02
   -1.8018221058e+02
   -1.7764371439e+02
   -1.7509385572e+02
   -1.7253334871e+02
   -1.6996292032e+02
   -1.6738330993e+02
   -1.6479526885e+02
   -1.6219955990e+02
   -1.5959695692e+02
   -1.5698824430e+02
   -1.5437421653e+02
   -1.5175567764e+02
   -1.4913344076e+02
   -1.4650832762e+02
   -1.4388116799e+02
   -1.4125279920e+02
   -1.3862406563e+02
   -1.3599581814e+02
   -1.3336891359e+02
   -1.3074421428e+02
   -1.2812258741e+02
   -1.2550490457e+02
   -1.2289204114e+02
   -1.2028487582e+02
   -1.1768429004e+02
   -1.1509116741e+02
   -1.1250639321e+02
   -1.0993085379e+02
   -1.0736543608e+02
   -1.0481102701e+02
   -1.0226851297e+02
   -9.9738779289e+01
   -9.7222709651e+01
   -9.4721185596e+01
   -9.2235085969e+01
   -8.9765286382e+01
   -8.7312658692e+01
   -8.4878070472e+01
   -8.2462384485e+01
   -8.0066458173e+01
   -7.7691143138e+01
   -7.5337284636e+01
   -7.3005721073e+01
   -7.0697283509e+01
   -6.8412795163e+01
   -6.6153070930e+01
   -6.3918916901e+01
   -6.1711129890e+01
   -5.9530496967e+01
   -5.7377795002e+01
   -5.5253790209e+01
   -5.3159237704e+01
   -5.1094881072e+01
   -4.9061451934e+01
   -4.7059669525e+01
   -4.5090240290e+01
   -4.3153857473e+01
   -4.1251200726e+01
   -3.9382935720e+01
   -3.7549713772e+01
   -3.5752171474e+01
   -3.3990930335e+01
   -3.2266596434e+01
   -3.0579760078e+01
   -2.8930995471e+01
   -2.7320860399e+01
   -2.5749895915e+01
   -2.4218626040e+01
   -2.2727557475e+01
   -2.1277179318e+01
   -1.9867962797e+01
   -1.8500361011e+01
   -1.7174808679e+01
   -1.5891721905e+01
   -1.4651497947e+01
   -1.3454515005e+01
   -1.2301132010e+01
   -1.1191688433e+01
   -1.0126504097e+01
   -9.1058790082e+00
   -8.1300931892e+00
   -7.1994065300e+00
   -6.3140586474e+00
   -5.4742687554e+00
   -4.6802355474e+00
   -3.9321370893e+00
   -3.2301307236e+00
   -2.5743529848e+00
   -1.9649195264e+00
   -1.4019250585e+00
   -8.8544329755e-01
   -4.1552692603e-01
    7.7924351208e-03
