    4.0011610985e+00     3.0005611420e+01     6.6475071013e-02     2.2266276646e-03     2.6266270652e-06
    4.0011606216e+00     3.0005611420e+01     1.2741138041e-01     7.4712224305e-03     2.1429752906e-06
    4.0011587143e+00     3.0005609512e+01     1.6021156311e-01     1.4011250809e-02     2.4023665901e-06
    4.0011467934e+00     3.0005578995e+01     1.6668011248e-01     2.1359438077e-02     2.1095172542e-06
    4.0011324883e+00     3.0005498886e+01     1.6436213255e-01     2.9260490090e-02     2.3205493562e-06
    4.0011215210e+00     3.0005378723e+01     1.6009113193e-01     3.7625536323e-02     2.6480506676e-06
    4.0011024475e+00     3.0005250931e+01     1.5588739514e-01     4.6389624476e-02     2.3606844479e-06
    4.0010991096e+00     3.0004669189e+01     1.5176257491e-01     5.5491689593e-02     1.3554940779e-06
    4.0010762215e+00     3.0004014969e+01     1.4820350707e-01     6.4887531102e-02     4.4295588850e-06
    4.0010566711e+00     2.9999700546e+01     1.4499826729e-01     7.4545212090e-02     5.1508673096e-06
    4.0010509491e+00     2.9999696732e+01     1.4186489582e-01     8.4424600005e-02     9.0750536401e-06
    4.0010256767e+00     2.9988201141e+01     1.3841429353e-01     9.4499707222e-02     1.6591860913e-05
    4.0010237694e+00     2.9996398926e+01     1.3559612632e-01     1.0471848398e-01     9.6723524621e-06
    4.0010209084e+00     2.9983497620e+01     1.3170912862e-01     1.1505080760e-01     5.2131297707e-05
    3.9994258881e+00     2.9917940140e+01     1.2717923522e-01     1.2549917400e-01     2.3812850122e-04
    3.9975214005e+00     2.9851547241e+01     1.2345973402e-01     1.3599702716e-01     5.0007866230e-04
    3.9956669807e+00     2.9787939072e+01     1.2051664293e-01     1.4644885063e-01     7.6063390588e-04
    3.9938635826e+00     2.9727363586e+01     1.1808034033e-01     1.5678150952e-01     1.0146348504e-03
    3.9922735691e+00     2.9675603867e+01     1.1564464122e-01     1.6694226861e-01     1.2358104577e-03
    3.9897768497e+00     2.9597055435e+01     1.1196957529e-01     1.7683357000e-01     1.5783485724e-03
    3.9864559174e+00     2.9496921539e+01     1.0721531510e-01     1.8629465997e-01     2.0287991501e-03
    3.9827146530e+00     2.9389123917e+01     1.0224465281e-01     1.9516663253e-01     2.5314898230e-03
    3.9786977768e+00     2.9278362274e+01     9.7446575761e-02     2.0333066583e-01     3.0668729451e-03
    3.9748995304e+00     2.9177976608e+01     9.2825226486e-02     2.1070685983e-01     3.5694180988e-03
    3.9698035717e+00     2.9047689438e+01     8.7836489081e-02     2.1718037128e-01     4.2390124872e-03
    3.9649624825e+00     2.8927515030e+01     8.3011932671e-02     2.2266685963e-01     4.8756939359e-03
    3.9604759216e+00     2.8818546295e+01     7.8435912728e-02     2.2718974948e-01     5.4684472270e-03
    3.9559228420e+00     2.8710243225e+01     7.3870100081e-02     2.3077708483e-01     6.0716383159e-03
    3.9513561726e+00     2.8603740692e+01     6.9210842252e-02     2.3343327641e-01     6.6776229069e-03
    3.9468808174e+00     2.8501277924e+01     6.4475603402e-02     2.3517183959e-01     7.2722234763e-03
    3.9429223537e+00     2.8412223816e+01     5.9875417501e-02     2.3604612052e-01     7.7987401746e-03
    3.9394688606e+00     2.8335794449e+01     5.5429257452e-02     2.3614136875e-01     8.2586510107e-03
    3.9362065792e+00     2.8264705658e+01     5.1016263664e-02     2.3552715778e-01     8.6936224252e-03
    3.9331114292e+00     2.8198240280e+01     4.6649046242e-02     2.3424941301e-01     9.1067003086e-03
    3.9301974773e+00     2.8136512756e+01     4.2361713946e-02     2.3234918714e-01     9.4959652051e-03
    3.9272458553e+00     2.8074775696e+01     3.8058388978e-02     2.2985482216e-01     9.8905749619e-03
    3.9242238998e+00     2.8012304306e+01     3.3704921603e-02     2.2677975893e-01     1.0294861160e-02
    3.9212779999e+00     2.7952060699e+01     2.9367363080e-02     2.2314383090e-01     1.0689172894e-02
    3.9184260368e+00     2.7894313812e+01     2.5072144344e-02     2.1897953749e-01     1.1071061715e-02
    3.9156625271e+00     2.7838850021e+01     2.0810279995e-02     2.1432255208e-01     1.1441242881e-02
    3.9128937721e+00     2.7783737183e+01     1.6523484141e-02     2.0920149982e-01     1.1812155135e-02
    3.9100649357e+00     2.7727832794e+01     1.2162297964e-02     2.0363333821e-01     1.2191168964e-02
    3.9071331024e+00     2.7670265198e+01     7.6892678626e-03     1.9762599468e-01     1.2583944015e-02
    3.9040658474e+00     2.7610372543e+01     3.0742967501e-03     1.9118070602e-01     1.2994784862e-02
    3.9008302689e+00     2.7547481537e+01    -1.7120493576e-03     1.8429318070e-01     1.3428074308e-02
    3.8973913193e+00     2.7480878830e+01    -6.7006042227e-03     1.7695325613e-01     1.3888387941e-02
    3.8937106133e+00     2.7409769058e+01    -1.1925030500e-02     1.6914439201e-01     1.4380800538e-02
    3.8897428513e+00     2.7333208084e+01    -1.7423732206e-02     1.6084265709e-01     1.4911362901e-02
    3.8854327202e+00     2.7250022888e+01    -2.3241899908e-02     1.5201538801e-01     1.5487519093e-02
    3.8807113171e+00     2.7158721924e+01    -2.9432864860e-02     1.4261880517e-01     1.6118578613e-02
    3.8754916191e+00     2.7057397842e+01    -3.6051988602e-02     1.3259516656e-01     1.6816247255e-02
    3.8696959019e+00     2.6944189072e+01    -4.3082233518e-02     1.2191770226e-01     1.7591129988e-02
    3.8635034561e+00     2.6822139740e+01    -5.0144605339e-02     1.1004782468e-01     1.8419472501e-02
    3.8578846455e+00     2.6710327148e+01    -5.6627295911e-02     1.3837313652e-01     1.9161131233e-02
    3.8585498333e+00     2.6596021652e+01    -6.3149519265e-02     1.6736084223e-01     1.9050624222e-02
    3.8593947887e+00     2.6467197418e+01    -6.9817967713e-02     1.5562126040e-01     1.8908796832e-02
    3.8603050709e+00     2.6341432571e+01    -7.5941093266e-02     1.4375957847e-01     1.8760301173e-02
    3.8612360954e+00     2.6223075867e+01    -8.1251047552e-02     1.3226357102e-01     1.8612064421e-02
    3.8621790409e+00     2.6111354828e+01    -8.5809774697e-02     1.2109108269e-01     1.8464975059e-02
    3.8631312847e+00     2.6005203247e+01    -8.9728474617e-02     1.1024233699e-01     1.8319154158e-02
    3.8640899658e+00     2.5903764725e+01    -9.3105643988e-02     9.9717348814e-02     1.8174674362e-02
    3.8650536537e+00     2.5806344986e+01    -9.6025079489e-02     8.9515849948e-02     1.8031574786e-02
    3.8660211563e+00     2.5712316513e+01    -9.8559223115e-02     7.9637557268e-02     1.7889790237e-02
    3.8669931889e+00     2.5621025085e+01    -1.0077216476e-01     7.0082642138e-02     1.7749048769e-02
    3.8679735661e+00     2.5531639099e+01    -1.0272299498e-01     6.0852468014e-02     1.7608661205e-02
    3.8689732552e+00     2.5442800522e+01    -1.0447009653e-01     5.1950819790e-02     1.7466973513e-02
    3.8700208664e+00     2.5351711273e+01    -1.0606972128e-01     4.3386325240e-02     1.7319872975e-02
    3.8711597919e+00     2.5254508972e+01    -1.0755694658e-01     3.5174898803e-02     1.7161382362e-02
    3.8724474907e+00     2.5146226883e+01    -1.0894166678e-01     2.7407072484e-02     1.6983618960e-02
    3.8739604950e+00     2.5020458221e+01    -1.1020550132e-01     2.0065627992e-02     1.6776358709e-02
    3.8756873608e+00     2.4877971649e+01    -1.1129844189e-01     1.3060323894e-02     1.6541449353e-02
    3.8776538372e+00     2.4716321945e+01    -1.1218943447e-01     6.4080241136e-03     1.6275785863e-02
    3.8797762394e+00     2.4541793823e+01    -1.1288453639e-01     1.2226658873e-04     1.5990894288e-02
    3.8816916943e+00     2.4383676529e+01    -1.1346533895e-01    -5.8006728068e-03     1.5735393390e-02
    3.8832573891e+00     2.4253625870e+01    -1.1405620724e-01    -1.1382084340e-02     1.5527842566e-02
    3.8847041130e+00     2.4132503510e+01    -1.1476931721e-01    -1.6642045230e-02     1.5337177552e-02
    3.8861916065e+00     2.4006553650e+01    -1.1572830379e-01    -2.1586649120e-02     1.5141812153e-02
    3.8878352642e+00     2.3865512848e+01    -1.1708162725e-01    -2.6210073382e-02     1.4926427044e-02
    3.8897197247e+00     2.3701446533e+01    -1.1902728677e-01    -3.0499160290e-02     1.4680013992e-02
    3.8919317722e+00     2.3505807877e+01    -1.2184208632e-01    -3.4435160458e-02     1.4391356148e-02
    3.8946340084e+00     2.3262647629e+01    -1.2596282363e-01    -3.7990849465e-02     1.4039374888e-02
    3.8980622292e+00     2.2948301315e+01    -1.3203735650e-01    -4.1125472635e-02     1.3593703508e-02
    3.9024658203e+00     2.2535961151e+01    -1.4087302983e-01    -4.3781850487e-02     1.3022343628e-02
    3.9081578255e+00     2.1990175247e+01    -1.5335842967e-01    -4.5885883272e-02     1.2285270728e-02
    3.9151864052e+00     2.1297573090e+01    -1.7016786337e-01    -4.7352898866e-02     1.1376935057e-02
    3.9232881069e+00     2.0473365784e+01    -1.9156500697e-01    -4.8100829124e-02     1.0331754573e-02
    3.9324405193e+00     1.9506965637e+01    -2.1733799577e-01    -4.8064284027e-02     9.1526927426e-03
    3.9414687157e+00     1.8511602402e+01    -2.4538990855e-01    -4.7232806683e-02     7.9903416336e-03
    3.9497909546e+00     1.7547996521e+01    -2.7468958497e-01    -4.5661360025e-02     6.9208005443e-03
    3.9584386349e+00     1.6483034134e+01    -3.0766135454e-01    -4.3397434056e-02     5.8052996174e-03
    3.9680273533e+00     1.5219964981e+01    -3.4663811326e-01    -4.0434844792e-02     4.5591252856e-03
    3.9783723354e+00     1.3744708061e+01    -3.9083755016e-01    -3.6750689149e-02     3.1964099035e-03
    3.9890844822e+00     1.2049250603e+01    -4.3486872315e-01    -3.2365646213e-02     1.7478242517e-03
    3.9968750477e+00     1.0517443657e+01    -4.6490454674e-01    -2.7448056266e-02     6.0182780726e-04
    3.9973497391e+00     1.0251640320e+01    -4.7004187107e-01    -2.2398676723e-02     4.7440343769e-04
    3.9973616600e+00     1.0205003738e+01    -4.7220903635e-01    -1.7553072423e-02     4.4156360673e-04
    3.9973680973e+00     1.0203687668e+01    -4.7524550557e-01    -1.3010800816e-02     4.4013778097e-04
    3.9973702431e+00     1.0202225685e+01    -4.7704577446e-01    -8.8092610240e-03     4.3895619456e-04
    3.9973735809e+00     1.0199802399e+01    -4.7953665257e-01    -4.9610403366e-03     4.3725926662e-04
    3.9973757267e+00     1.0198183060e+01    -4.8122960329e-01    -1.4691282995e-03     4.3611833826e-04
