3.213979429816937738e-12
9.581976054620633398e-13
-3.369218749479929720e-12
-1.837521888120585700e-12
2.399863511040600805e-12
-5.060536625162148638e-12
7.606370394652728351e-12
-1.499367990875910550e-11
3.205086543389690235e-11
-9.768635206297560103e-11
3.846005458552070877e-10
-9.326153183053520479e-10
2.293720324786363562e-09
-1.789512538152848720e-09
2.715099256533903826e-09
1.274973371323540050e-08
4.568637379520623654e-08
-1.003966985990700778e-06
8.971422715831067762e-08
8.056050319282803684e-06
1.011128006211947650e-06
-8.574336970923468471e-05
-1.676784595474600792e-04
-1.376059371978044510e-03
-2.305851550772786140e-03
-1.696239341981709003e-03
-3.441811422817409039e-04
1.167544047348201275e-03
-3.541584126651287079e-03
-3.574659582227468491e-03
-1.764634856954216957e-03
-1.329609472304582596e-02
-3.711600322276353836e-03
-6.380653008818626404e-03
-3.561921650543808937e-03
2.770901191979646683e-03
6.287676747888326645e-03
6.242612842470407486e-03
5.542047787457704544e-03
5.214886739850044250e-03
