3.036973794223740697e-05
-1.397242536768317223e-03
-3.360994160175323486e-03
-3.887411672621965408e-03
-5.868434906005859375e-03
-8.751117624342441559e-03
-1.159788481891155243e-02
-1.488468423485755920e-02
-1.819529384374618530e-02
-2.156848274171352386e-02
-2.376997098326683044e-02
-2.610027045011520386e-02
-2.793604135513305664e-02
-2.964729070663452148e-02
-3.244266659021377563e-02
-3.665620833635330200e-02
-3.987834230065345764e-02
-4.022131860256195068e-02
-3.754133731126785278e-02
-3.583446517586708069e-02
-3.397806733846664429e-02
-3.126904740929603577e-02
-3.493331000208854675e-02
-3.721174225211143494e-02
-3.225091472268104553e-02
-2.400112524628639221e-02
-1.768877729773521423e-02
-1.656352914869785309e-02
-2.014052681624889374e-02
-1.991900056600570679e-02
-1.239842828363180161e-02
-8.400052785873413086e-03
-7.538835052400827408e-03
-3.314247820526361465e-03
9.216535254381597042e-04
-3.281533718109130859e-04
-3.747090231627225876e-03
-4.290660843253135681e-03
-2.555969171226024628e-03
-6.283496622927486897e-04
