3.460358598759767546e+01
3.460358598759767546e+01
3.460358598759767546e+01
3.460358598759767546e+01
3.460544884114094799e+01
3.460338499122157430e+01
3.460085814312829200e+01
3.459925811812716745e+01
3.459726266017709406e+01
3.459356239581988746e+01
3.458722408022789807e+01
3.458026372708574314e+01
3.456266867796204423e+01
3.452976881454856795e+01
3.446542335190284234e+01
3.437916844991044485e+01
3.433877814723976485e+01
3.430051232170239928e+01
3.425705273889594338e+01
3.420288167759102294e+01
3.414882527984548233e+01
3.409812504293390134e+01
3.404611705235602415e+01
3.396853426292904032e+01
3.387036746416843158e+01
3.378074105334559363e+01
3.370523899571883675e+01
3.363531219501474112e+01
3.355802330897982699e+01
3.348256750217750266e+01
3.340753252480268998e+01
3.331514127201364772e+01
3.318363359912148525e+01
3.306224124414884358e+01
3.285686968532714047e+01
3.267732176912180364e+01
3.261808158926116619e+01
3.240138052269690405e+01
3.194022204197417381e+01
3.162817642822550823e+01
