1.727491058409214020e-02
2.414292097091674805e-02
2.566336654126644135e-02
2.114316262304782867e-02
3.192299231886863708e-02
2.099364064633846283e-02
2.693804539740085602e-02
2.646327018737792969e-02
2.944651432335376740e-02
3.068533167243003845e-02
2.383552119135856628e-02
3.023698367178440094e-02
2.541179955005645752e-02
3.256287053227424622e-02
4.079272970557212830e-02
4.632278159260749817e-02
4.211065173149108887e-02
4.852858185768127441e-02
5.096621811389923096e-02
6.127164140343666077e-02
3.547130525112152100e-02
4.610060155391693115e-02
6.379153579473495483e-02
6.726373732089996338e-02
7.344859838485717773e-02
5.188503488898277283e-02
2.808251231908798218e-02
2.492043003439903259e-02
1.691291294991970062e-02
1.888233050704002380e-02
7.790830731391906738e-02
4.706193879246711731e-02
7.405731081962585449e-02
9.622126817703247070e-02
1.021314114332199097e-01
6.200480461120605469e-02
1.224882435053586960e-03
-5.260328203439712524e-02
-6.348749995231628418e-02
-5.125606805086135864e-02
