2.783896857240435008e+00
2.783896857240435008e+00
2.783896857240435008e+00
2.783896857240435008e+00
2.786366070261002914e+00
2.801028859278062999e+00
2.828350340713841504e+00
2.857337897421547979e+00
2.890842927302450960e+00
2.912029059715119050e+00
2.954015842233803202e+00
3.020095266132637235e+00
3.032624679966295034e+00
2.979088936369208795e+00
2.730348980469814002e+00
2.459414979804628754e+00
2.328844029107868252e+00
2.224533031757723212e+00
2.119269139172025973e+00
2.001857693169337260e+00
1.903745973325715157e+00
1.794884981210068675e+00
1.644732621154653796e+00
1.375230926831129130e+00
1.032419191970454841e+00
7.513799067388924335e-01
4.789490663982975960e-01
2.399562299056740011e-01
3.155788043505261542e-02
-4.699716988399243317e-02
3.812799446447517199e-02
2.364419170697467654e-01
6.551762699448080429e-01
1.124578375233237892e+00
1.757377987513106810e+00
2.765331642928984479e+00
3.563707566295208906e+00
3.954412814480071425e+00
4.396582195784048075e+00
4.831833873390569245e+00
