-8.000000000000000000e+02
-7.500000000000000000e+02
-7.000000000000000000e+02
-6.500000000000000000e+02
-6.000000000000000000e+02
-5.500000000000000000e+02
-5.000000000000000000e+02
-4.800000000000000000e+02
-4.600000000000000000e+02
-4.400000000000000000e+02
-4.200000000000000000e+02
-4.000000000000000000e+02
-3.800000000000000000e+02
-3.600000000000000000e+02
-3.400000000000000000e+02
-3.200000000000000000e+02
-3.000000000000000000e+02
-2.800000000000000000e+02
-2.600000000000000000e+02
-2.400000000000000000e+02
-2.200000000000000000e+02
-2.000000000000000000e+02
-1.800000000000000000e+02
-1.600000000000000000e+02
-1.400000000000000000e+02
-1.200000000000000000e+02
-1.000000000000000000e+02
-9.000000000000000000e+01
-8.000000000000000000e+01
-7.000000000000000000e+01
-6.000000000000000000e+01
-5.000000000000000000e+01
-4.000000000000000000e+01
-3.500000000000000000e+01
-3.000000000000000000e+01
-2.500000000000000000e+01
-2.000000000000000000e+01
-1.500000000000000000e+01
-1.000000000000000000e+01
-5.000000000000000000e+00
0.000000000000000000e+00
