lev          zR         tAm         sAm         vAm         wAm         ent         det      fwFlux    heatFlux
   1 -0.7750E+03  0.2833E+01  0.3460E+02  0.1727E-01  0.3037E-04 -0.3955E+03  0.0000E+00 -0.7181E-03  0.2406E+03
   2 -0.7250E+03  0.2829E+01  0.3460E+02  0.2414E-01 -0.1397E-02 -0.6008E+03  0.0000E+00 -0.9430E-03  0.3159E+03
   3 -0.6750E+03  0.2826E+01  0.3460E+02  0.2566E-01 -0.3361E-02 -0.7573E+03  0.0000E+00 -0.9309E-03  0.3119E+03
   4 -0.6250E+03  0.2822E+01  0.3460E+02  0.2114E-01 -0.3887E-02 -0.8970E+03  0.0000E+00 -0.7082E-03  0.2373E+03
   5 -0.5750E+03  0.2821E+01  0.3461E+02  0.3192E-01 -0.5868E-02 -0.1026E+04  0.0000E+00 -0.9729E-03  0.3259E+03
   6 -0.5250E+03  0.2833E+01  0.3460E+02  0.2099E-01 -0.8751E-02 -0.1147E+04  0.0000E+00 -0.6169E-03  0.2067E+03
   7 -0.4900E+03  0.2859E+01  0.3460E+02  0.2694E-01 -0.1160E-01 -0.4914E+03  0.0000E+00 -0.7405E-03  0.2481E+03
   8 -0.4700E+03  0.2886E+01  0.3460E+02  0.2646E-01 -0.1488E-01 -0.5094E+03  0.0000E+00 -0.7361E-03  0.2466E+03
   9 -0.4500E+03  0.2919E+01  0.3460E+02  0.2945E-01 -0.1820E-01 -0.5270E+03  0.0000E+00 -0.8051E-03  0.2697E+03
  10 -0.4300E+03  0.2939E+01  0.3459E+02  0.3069E-01 -0.2157E-01 -0.5442E+03  0.0000E+00 -0.8327E-03  0.2789E+03
  11 -0.4100E+03  0.2979E+01  0.3459E+02  0.2384E-01 -0.2377E-01 -0.5612E+03  0.0000E+00 -0.7147E-03  0.2394E+03
  12 -0.3900E+03  0.3044E+01  0.3458E+02  0.3024E-01 -0.2610E-01 -0.5776E+03  0.0000E+00 -0.8130E-03  0.2724E+03
  13 -0.3700E+03  0.3056E+01  0.3456E+02  0.2541E-01 -0.2794E-01 -0.5936E+03  0.0000E+00 -0.7257E-03  0.2431E+03
  14 -0.3500E+03  0.3000E+01  0.3453E+02  0.3256E-01 -0.2965E-01 -0.6091E+03  0.0000E+00 -0.7838E-03  0.2626E+03
  15 -0.3300E+03  0.2750E+01  0.3447E+02  0.4079E-01 -0.3244E-01 -0.6239E+03  0.0000E+00 -0.8164E-03  0.2735E+03
  16 -0.3100E+03  0.2477E+01  0.3438E+02  0.4632E-01 -0.3666E-01 -0.6379E+03  0.0000E+00 -0.8016E-03  0.2685E+03
  17 -0.2900E+03  0.2345E+01  0.3434E+02  0.4211E-01 -0.3988E-01 -0.6510E+03  0.0000E+00 -0.6996E-03  0.2344E+03
  18 -0.2700E+03  0.2239E+01  0.3430E+02  0.4853E-01 -0.4022E-01 -0.6635E+03  0.0000E+00 -0.6743E-03  0.2259E+03
  19 -0.2500E+03  0.2132E+01  0.3426E+02  0.5097E-01 -0.3754E-01 -0.6755E+03  0.0000E+00 -0.5940E-03  0.1990E+03
  20 -0.2300E+03  0.2014E+01  0.3420E+02  0.6127E-01 -0.3583E-01 -0.6865E+03  0.0000E+00 -0.5738E-03  0.1922E+03
  21 -0.2100E+03  0.1914E+01  0.3415E+02  0.3547E-01 -0.3398E-01 -0.6966E+03  0.0000E+00 -0.3373E-03  0.1130E+03
  22 -0.1900E+03  0.1804E+01  0.3410E+02  0.4610E-01 -0.3127E-01 -0.7056E+03  0.0000E+00 -0.3161E-03  0.1059E+03
  23 -0.1700E+03  0.1653E+01  0.3405E+02  0.6379E-01 -0.3493E-01 -0.7135E+03  0.0000E+00 -0.3248E-03  0.1088E+03
  24 -0.1500E+03  0.1382E+01  0.3397E+02  0.6726E-01 -0.3721E-01 -0.7202E+03  0.0000E+00 -0.2451E-03  0.8210E+02
  25 -0.1300E+03  0.1038E+01  0.3387E+02  0.7345E-01 -0.3225E-01 -0.7251E+03  0.2690E+04 -0.1585E-03  0.5311E+02
  26 -0.1100E+03  0.7555E+00  0.3378E+02  0.5189E-01 -0.2400E-01 -0.7276E+03  0.4046E+04 -0.5548E-04  0.1859E+02
  27 -0.9500E+02  0.4824E+00  0.3371E+02  0.2808E-01 -0.1769E-01 -0.3640E+03  0.2585E+04 -0.9970E-05  0.3340E+01
  28 -0.8500E+02  0.2429E+00  0.3364E+02  0.2492E-01 -0.1656E-01  0.0000E+00  0.2804E+04 -0.0000E+00  0.0000E+00
  29 -0.7500E+02  0.3395E-01  0.3356E+02  0.1691E-01 -0.2014E-01 -0.0000E+00  0.2585E+04 -0.3826E-03  0.1282E+03
  30 -0.6500E+02 -0.4500E-01  0.3348E+02  0.1888E-01 -0.1992E-01 -0.0000E+00  0.2023E+04 -0.3785E-03  0.1268E+03
  31 -0.5500E+02  0.3982E-01  0.3341E+02  0.7791E-01 -0.1240E-01 -0.0000E+00  0.1345E+04 -0.1137E-02  0.3810E+03
  32 -0.4500E+02  0.2379E+00  0.3332E+02  0.4706E-01 -0.8400E-02 -0.0000E+00  0.0000E+00 -0.7658E-03  0.2565E+03
  33 -0.3750E+02  0.6565E+00  0.3318E+02  0.7406E-01 -0.7539E-02 -0.0000E+00  0.0000E+00 -0.1460E-02  0.4891E+03
  34 -0.3250E+02  0.1126E+01  0.3306E+02  0.9622E-01 -0.3314E-02 -0.0000E+00  0.0000E+00 -0.2293E-02  0.7681E+03
  35 -0.2750E+02  0.1759E+01  0.3286E+02  0.1021E+00  0.9217E-03 -0.0000E+00  0.0000E+00 -0.3032E-02  0.1016E+04
  36 -0.2250E+02  0.2766E+01  0.3268E+02  0.6200E-01 -0.3282E-03 -0.0000E+00  0.0000E+00 -0.2448E-02  0.8202E+03
  37 -0.1750E+02  0.3565E+01  0.3262E+02  0.1225E-02 -0.3747E-02 -0.0000E+00  0.0000E+00 -0.4751E-03  0.1592E+03
  38 -0.1250E+02  0.3955E+01  0.3240E+02 -0.5260E-01 -0.4291E-02 -0.0000E+00  0.0000E+00 -0.2715E-02  0.9095E+03
  39 -0.7500E+01  0.4397E+01  0.3194E+02 -0.6349E-01 -0.2556E-02 -0.0000E+00  0.0000E+00 -0.3551E-02  0.1190E+04
  40 -0.2500E+01  0.4832E+01  0.3163E+02 -0.5126E-01 -0.6283E-03 -0.0000E+00  0.0000E+00 -0.3093E-02  0.1036E+04
